start=1091.632000
volume=138.000000
