start=89.281175
volume=106.000000
brightness=-1
sub-pos=115
