start=744.661000
volume=138.000000
sub-visibility=no
