start=1143.083333
pause=yes
volume=130.000000
