start=4270.124349
pause=yes
ab-loop-a=3068.791016
ab-loop-b=3186.957682
