start=1309.517000
panscan=1.000000
sub-visibility=no
