start=6.449914
volume=106.000000
