start=5049.916597
volume=160.000000
fullscreen=no
