start=154.737917
volume=102.000000
