start=96.554792
pause=yes
volume=188.000000
