start=5776.249500
pause=yes
volume=148.000000
deinterlace=yes
ab-loop-a=3048.045000
