start=428.678000
panscan=1.000000
