start=1617.032083
volume=148.000000
contrast=1
sub-delay=-0.400000
