start=423.673000
panscan=1.000000
