start=8328.612000
volume=132.000000
