start=843.384208
pause=no
volume=180.000000
