start=112.195529
volume=92.000000
