start=9903.101542
volume=96.000000
