start=80.052409
pause=yes
volume=108.000000
