start=3673.983000
volume=158.000000
