start=6123.033583
volume=102.000000
panscan=1.000000
