start=4931.167000
volume=110.000000
sub-delay=1.000000
