start=69.199358
volume=102.000000
saturation=2
